100
100
99.999
99.997
99.994
99.99
99.985
99.979
99.972
99.9641
99.9551
99.9451
99.9341
99.9221
99.9092
99.8952
99.8802
99.8643
99.8473
99.8293
99.8104
99.7904
99.7694
99.7475
99.7245
99.7005
99.6756
99.6496
99.6227
99.5947
99.5657
99.5358
99.5048
99.4728
99.4399
99.4059
99.3709
99.3349
99.2979
99.26
99.221
99.181
99.1399
99.0979
99.0549
99.0109
98.9658
98.9198
98.8727
98.8247
98.7756
98.7255
98.6744
98.6223
98.5692
98.5151
98.4599
98.4037
98.3466
98.2884
98.2291
98.1689
98.1077
98.0454
97.9821
97.9178
97.8524
97.7861
97.7187
97.6503
97.5809
97.5104
97.4389
97.3664
97.2929
97.2183
97.1427
97.0661
96.9884
96.9098
96.83
96.7493
96.6675
96.5846
96.5008
96.4159
96.3299
96.243
96.1549
96.0659
95.9758
95.8846
95.7924
95.6992
95.6049
95.5096
95.4132
95.3158
95.2173
95.1178
95.0172
94.9156
94.8129
94.7091
94.6043
94.4985
94.3916
94.2836
94.1746
94.0645
93.9534
93.8412
93.7279
93.6136
93.4982
93.3817
93.2642
93.1456
93.0259
92.9052
92.7834
92.6605
92.5366
92.4116
92.2855
92.1583
92.0301
91.9008
91.7704
91.6389
91.5064
91.3728
91.2381
91.1023
90.9654
90.8275
90.6885
90.5484
90.4072
90.2649
90.1215
89.9771
89.8315
89.6849
89.5372
89.3884
89.2385
89.0875
88.9355
88.7823
88.628
88.4727
88.3162
88.1587
88.0001
87.8403
87.6795
87.5176
87.3546
87.1905
87.0253
86.859
86.6916
86.523
86.3534
86.1827
86.0109
85.838
85.664
85.4889
85.3127
85.1354
84.957
84.7775
84.5969
84.4151
84.2323
84.0484
83.8633
83.6772
83.49
83.3016
83.1122
82.9216
82.73
82.5372
82.3434
82.1484
81.9523
81.7551
81.5568
81.3575
81.157
80.9554
80.7527
80.5489
80.344
80.1379
79.9308
79.7226
79.5133
79.3029
79.0913
78.8787
78.665
78.4501
78.2342
78.0171
77.799
77.5798
77.3594
77.138
76.9154
76.6918
76.4671
76.2412
76.0143
75.7863
75.5571
75.3269
75.0956
74.8632
74.6297
74.3951
74.1594
73.9226
73.6847
73.4458
73.2057
72.9646
72.7224
72.4791
72.2347
71.9892
71.7426
71.495
71.2462
70.9964
70.7455
70.4935
70.2405
69.9864
69.7312
69.4749
69.2175
68.9591
68.6996
68.4391
68.1774
67.9147
67.651
67.3861
67.1202
66.8533
66.5852
66.3162
66.046
65.7748
65.5026
65.2293
64.9549
64.6795
64.4031
64.1256
63.847
63.5674
63.2868
63.0051
62.7224
62.4387
62.1539
61.868
61.5812
61.2933
61.0044
60.7144
60.4235
60.1315
59.8385
59.5444
59.2494
58.9533
58.6562
58.3581
58.059
57.7589
57.4578
57.1557
56.8526
56.5485
56.2433
55.9372
55.6301
55.322
55.0129
54.7029
54.3918
54.0798
53.7668
53.4528
53.1378
52.8219
52.5049
52.1871
51.8682
51.5484
51.2276
50.9059
50.5832
50.2596
49.935
49.6095
49.283
48.9556
48.6272
48.298
47.9677
47.6366
47.3045
46.9715
46.6375
46.3026
45.9669
45.6302
45.2926
44.954
44.6146
44.2743
43.9331
43.5909
43.2479
42.904
42.5592
42.2135
41.8669
41.5194
41.1711
40.8219
40.4718
40.1209
39.769
39.4164
39.0628
38.7084
38.3532
37.9971
37.6401
37.2824
36.9237
36.5643
36.204
35.8428
35.4809
35.1181
34.7545
34.3901
34.0248
33.6588
33.2919
32.9243
32.5558
32.1866
31.8165
31.4457
31.074
30.7016
30.3284
29.9545
29.5797
29.2042
28.8279
28.4509
28.0731
27.6945
27.3152
26.9351
26.5543
26.1728
25.7905
25.4075
25.0237
24.6392
24.254
23.8681
23.4814
23.0941
22.706
22.3173
21.9278
21.5376
21.1467
20.7552
20.3629
19.97
19.5764
19.1821
18.7871
18.3915
17.9952
17.5983
17.2007
16.8024
16.4035
16.0039
15.6037
15.2029
14.8014
14.3993
13.9965
13.5932
13.1892
12.7846
12.3794
11.9735
11.5671
11.1601
10.7525
10.3442
9.93544
9.52604
9.11606
8.70551
8.29438
7.88268
7.47041
7.05758
6.64418
6.23024
5.81574
5.40069
4.9851
4.56896
4.15229
3.73509
3.31736
2.8991
2.48032
2.06102
1.64121
1.22089
0.800061
0.378729
-0.0431029
-0.46543
-0.88825
-1.31156
-1.73535
-2.15962
-2.58437
-3.0096
-3.43529
-3.86145
-4.28807
-4.71516
-5.14269
-5.57068
-5.99912
-6.428
-6.85732
-7.28708
-7.71727
-8.1479
-8.57895
-9.01042
-9.44232
-9.87463
-10.3074
-10.7405
-11.174
-11.608
-12.0423
-12.477
-12.9122
-13.3477
-13.7836
-14.2199
-14.6565
-15.0936
-15.531
-15.9688
-16.4069
-16.8454
-17.2843
-17.7235
-18.1631
-18.6031
-19.0433
-19.484
-19.9249
-20.3662
-20.8079
-21.2498
-21.6922
-22.1348
-22.5777
-23.021
-23.4646
-23.9085
-24.3527
-24.7973
-25.2421
-25.6872
-26.1327
-26.5784
-27.0245
-27.4708
-27.9174
-28.3644
-28.8116
-29.2591
-29.7068
-30.1549
-30.6032
-31.0518
-31.5007
-31.9498
-32.3993
-32.8489
-33.2989
-33.7491
-34.1996
-34.6503
-35.1013
-35.5526
-36.0041
-36.4558
-36.9078
-37.3601
-37.8126
-38.2653
-38.7183
-39.1715
-39.625
-40.0787
-40.5327
-40.9868
-41.4413
-41.8959
-42.3508
-42.8059
-43.2613
-43.7169
-44.1727
-44.6287
-45.085
-45.5415
-45.9982
-46.4552
-46.9124
-47.3698
-47.8274
-48.2852
-48.7433
-49.2016
-49.6601
-50.1189
-50.5779
-51.037
-51.4965
-51.9561
-52.4159
-52.876
-53.3363
-53.7969
-54.2576
-54.7186
-55.1798
-55.6412
-56.1029
-56.5648
-57.0269
-57.4892
-57.9518
-58.4146
-58.8776
-59.3409
-59.8044
-60.2681
-60.7321
-61.1963
-61.6608
-62.1255
-62.5904
-63.0556
-63.521
-63.9867
-64.4526
-64.9188
-65.3852
-65.8519
-66.3189
-66.7861
-67.2536
-67.7213
-68.1893
-68.6576
-69.1262
-69.595
-70.0641
-70.5335
-71.0032
-71.4731
-71.9434
-72.4139
-72.8848
-73.3559
-73.8274
-74.2991
-74.7712
-75.2436
-75.7163
-76.1893
-76.6627
-77.1363
-77.6103
-78.0847
-78.5594
-79.0344
-79.5098
-79.9856
-80.4617
-80.9381
-81.415
-81.8922
-82.3698
-82.8478
-83.3261
-83.8049
-84.284
-84.7636
-85.2435
-85.7239
-86.2047
-86.6859
-87.1675
-87.6496
-88.1321
-88.615
-89.0984
-89.5823
-90.0666
-90.5514
-91.0367
-91.5224
-92.0086
-92.4953
-92.9825
-93.4702
-93.9585
-94.4472
-94.9364
-95.4262
-95.9165
-96.4074
-96.8988
-97.3908
-97.8833
-98.3763
-98.87
-99.3642
-99.859
-100.354
-100.85
-101.347
-101.844
-102.342
-102.841
-103.34
-103.839
-104.34
-104.841
-105.343
-105.845
-106.348
-106.852
-107.356
-107.861
-108.367
-108.873
-109.381
-109.889
-110.397
-110.907
-111.417
-111.928
-112.439
-112.952
-113.465
-113.979
-114.494
-115.009
-115.525
-116.043
-116.561
-117.079
-117.599
-118.119
-118.641
-119.163
-119.686
-120.209
-120.734
-121.26
-121.786
-122.313
-122.841
-123.37
-123.9
-124.431
-124.963
-125.496
-126.029
-126.564
-127.099
-127.636
-128.173
-128.712
-129.251
-129.791
-130.332
-130.874
-131.418
-131.962
-132.507
-133.053
-133.6
-134.148
-134.698
-135.248
-135.799
-136.351
-136.904
-137.458
-138.014
-138.57
-139.127
-139.686
-140.245
-140.806
-141.367
-141.93
-142.494
-143.058
-143.624
-144.191
-144.759
-145.328
-145.898
-146.469
-147.041
-147.615
-148.189
-148.765
-149.341
-149.919
-150.498
-151.077
-151.658
-152.24
-152.823
-153.408
-153.993
-154.579
-155.167
-155.755
-156.345
-156.936
-157.528
-158.121
-158.715
-159.31
-159.906
-160.503
-161.101
-161.701
-162.301
-162.903
-163.506
-164.109
-164.714
-165.32
-165.927
-166.535
-167.144
-167.754
-168.365
-168.977
-169.59
-170.205
-170.82
-171.436
-172.054
-172.672
-173.291
-173.912
-174.533
-175.155
-175.779
-176.403
-177.028
-177.655
-178.282
-178.91
-179.539
-180.169
-180.8
-181.432
-182.065
-182.699
-183.334
-183.969
-184.606
-185.243
-185.881
-186.52
-187.16
-187.801
-188.443
-189.085
-189.728
-190.372
-191.017
-191.663
-192.309
-192.957
-193.605
-194.253
-194.903
-195.553
-196.204
-196.855
-197.507
-198.16
-198.814
-199.468
-200.123
-200.778
-201.435
-202.091
-202.748
-203.406
-204.065
-204.724
-205.383
-206.043
-206.704
-207.365
-208.026
-208.688
-209.351
-210.013
-210.677
-211.34
-212.004
-212.669
-213.334
-213.999
-214.664
-215.33
-215.996
-216.663
-217.329
-217.996
-218.663
-219.331
-219.998
-220.666
-221.334
-222.002
-222.67
-223.339
-224.007
-224.676
-225.344
-226.013
-226.682
-227.351
-228.019
-228.688
-229.357
-230.026
-230.694
-231.363
-232.031
-232.7
-233.368
-234.036
-234.704
-235.372
-236.039
-236.706
-237.374
-238.04
-238.707
-239.373
-240.039
-240.705
-241.371
-242.036
-242.7
-243.365
-244.029
-244.692
-245.355
-246.018
-246.68
-247.342
-248.003
-248.664
-249.324
-249.983
-250.643
-251.301
-251.959
-252.617
-253.273
-253.929
-254.585
-255.24
-255.894
-256.548
-257.201
-257.853
-258.504
-259.155
-259.805
-260.454
-261.103
-261.751
-262.398
-263.044
-263.69
-264.334
-264.978
-265.621
-266.264
-266.905
-267.546
-268.186
-268.824
-269.463
-270.1
-270.736
-271.372
-272.007
-272.641
-273.274
-273.906
-274.537
-275.168
-275.798
-276.426
-277.054
-277.682
-278.308
-278.934
-279.558
-280.182
-280.805
-281.428
-282.049
-282.67
-283.29
-283.91
-284.528
-285.146
-285.764
-286.38
-286.996
-287.612
-288.226
-288.84
-289.454
-290.067
-290.679
-291.291
-291.903
-292.514
-293.125
-293.735
-294.345
-294.954
-295.563
-296.172
-296.781
-297.39
-297.998
-298.606
-299.215
-299.823
-300.431
-301.039
-301.647
-302.255
-302.864
-303.472
-304.081
-304.69
-305.299
-305.908
